2026-10-08T02:06:02-05:00 4.86 5.11 8.73
2026-10-08T02:08:03-05:00 4.89 5.01 8.25
2026-10-08T02:10:03-05:00 5.10 5.00 7.85
2026-10-08T02:12:03-05:00 4.08 4.64 7.37
2026-10-08T02:14:03-05:00 4.45 4.61 7.02
2026-10-08T02:16:03-05:00 4.59 4.57 6.71
2026-10-08T02:18:03-05:00 5.75 4.86 6.54
2026-10-08T02:20:03-05:00 8.33 5.98 6.74
2026-10-08T02:22:03-05:00 6.49 6.05 6.67
2026-10-08T02:24:03-05:00 5.87 6.11 6.63
2026-10-08T02:26:03-05:00 5.80 6.17 6.60
2026-10-08T02:28:04-05:00 5.64 5.98 6.47
2026-10-08T02:30:04-05:00 5.47 5.84 6.36
2026-10-08T02:32:04-05:00 6.15 6.06 6.38
2026-10-08T02:34:04-05:00 6.14 6.05 6.34
2026-10-08T02:36:04-05:00 5.08 5.68 6.17
2026-10-08T02:38:04-05:00 5.24 5.62 6.09
2026-10-08T02:40:04-05:00 4.73 5.27 5.90
2026-10-08T02:42:04-05:00 4.83 5.12 5.76
2026-10-08T02:44:04-05:00 5.14 5.18 5.71
2026-10-08T02:46:04-05:00 4.49 4.93 5.55
2026-10-08T02:48:05-05:00 4.15 4.68 5.38
2026-10-08T02:50:05-05:00 4.20 4.47 5.21
2026-10-08T02:52:05-05:00 3.52 4.12 4.99
2026-10-08T02:54:05-05:00 3.59 3.98 4.84
2026-10-08T02:56:05-05:00 4.17 4.03 4.74
2026-10-08T02:58:05-05:00 4.01 4.08 4.68
2026-10-08T03:00:05-05:00 4.72 4.23 4.65
2026-10-08T03:02:05-05:00 3.92 4.08 4.55
2026-10-08T03:04:05-05:00 3.63 3.91 4.42
2026-10-08T03:06:05-05:00 3.65 3.79 4.31
2026-10-08T03:08:06-05:00 3.42 3.62 4.18
2026-10-08T03:10:06-05:00 3.36 3.52 4.07
2026-10-08T03:12:06-05:00 3.40 3.48 3.98
2026-10-08T03:14:06-05:00 3.60 3.48 3.91
2026-10-08T03:16:06-05:00 3.28 3.40 3.83
2026-10-08T03:18:06-05:00 5.44 4.15 4.05
2026-10-08T03:20:06-05:00 7.24 5.22 4.46
2026-10-08T03:22:06-05:00 6.62 5.74 4.75
2026-10-08T03:24:06-05:00 5.09 5.54 4.80
2026-10-08T03:26:06-05:00 4.94 5.25 4.78
2026-10-08T03:28:07-05:00 4.46 5.03 4.77
2026-10-08T03:30:07-05:00 4.57 4.89 4.75
2026-10-08T03:32:07-05:00 4.87 4.96 4.79
2026-10-08T03:34:07-05:00 4.62 4.84 4.77
2026-10-08T03:36:07-05:00 5.39 4.90 4.79
2026-10-08T03:38:07-05:00 6.16 5.39 4.99
2026-10-08T03:40:07-05:00 6.10 5.65 5.13
2026-10-08T03:42:07-05:00 6.06 5.81 5.26
2026-10-08T03:44:07-05:00 5.87 5.87 5.35
2026-10-08T03:46:07-05:00 5.07 5.53 5.28
2026-10-08T03:48:08-05:00 5.04 5.42 5.27
2026-10-08T03:50:08-05:00 5.32 5.38 5.28
2026-10-08T03:52:08-05:00 4.69 5.14 5.20
2026-10-08T03:54:08-05:00 5.81 5.34 5.26
2026-10-08T03:56:08-05:00 5.49 5.37 5.28
2026-10-08T03:58:08-05:00 4.93 5.25 5.25
2026-10-08T04:00:08-05:00 4.94 5.21 5.24
2026-10-08T04:02:08-05:00 5.11 5.16 5.21
2026-10-08T04:04:08-05:00 5.04 5.10 5.18
2026-10-08T04:06:08-05:00 4.92 5.05 5.15
2026-10-08T04:08:08-05:00 4.77 4.88 5.07
2026-10-08T04:10:09-05:00 4.22 4.67 4.97
2026-10-08T04:12:09-05:00 4.04 4.43 4.84
2026-10-08T04:14:09-05:00 3.68 4.19 4.71
2026-10-08T04:16:09-05:00 3.47 3.96 4.56
2026-10-08T04:18:09-05:00 3.52 3.80 4.42
2026-10-08T04:20:09-05:00 3.66 3.72 4.31
2026-10-08T04:22:09-05:00 3.40 3.60 4.18
2026-10-08T04:24:09-05:00 3.55 3.62 4.12
2026-10-08T04:26:09-05:00 3.62 3.62 4.06
2026-10-08T04:28:09-05:00 3.54 3.55 3.97
2026-10-08T04:30:10-05:00 3.36 3.50 3.90
2026-10-08T04:32:10-05:00 3.70 3.58 3.89
2026-10-08T04:34:10-05:00 3.66 3.61 3.86
2026-10-08T04:36:10-05:00 3.32 3.50 3.79
2026-10-08T04:38:10-05:00 5.52 4.07 3.95
2026-10-08T04:40:10-05:00 5.25 4.44 4.10
2026-10-08T04:42:10-05:00 5.96 4.86 4.29
2026-10-08T04:44:10-05:00 6.94 5.64 4.65
2026-10-08T04:46:10-05:00 6.38 5.82 4.84
2026-10-08T04:48:10-05:00 6.33 5.95 5.01
2026-10-08T04:50:11-05:00 5.39 5.71 5.03
2026-10-08T04:52:11-05:00 4.77 5.32 4.97
2026-10-08T04:54:11-05:00 4.18 4.93 4.87
2026-10-08T04:56:11-05:00 4.24 4.69 4.78
2026-10-08T04:58:11-05:00 4.37 4.56 4.72
2026-10-08T05:00:11-05:00 6.18 5.02 4.86
2026-10-08T05:02:11-05:00 6.32 5.43 5.03
2026-10-08T05:04:11-05:00 6.30 5.71 5.18
2026-10-08T05:06:11-05:00 6.00 5.74 5.25
2026-10-08T05:08:11-05:00 6.53 6.18 5.48
2026-10-08T05:10:11-05:00 5.68 6.00 5.50
2026-10-08T05:12:12-05:00 5.57 5.85 5.51
2026-10-08T05:14:12-05:00 5.49 5.66 5.47
2026-10-08T05:16:12-05:00 5.21 5.50 5.44
2026-10-08T05:18:12-05:00 6.20 5.72 5.52
2026-10-08T05:20:12-05:00 6.36 5.85 5.59
2026-10-08T05:22:12-05:00 6.25 5.98 5.67
2026-10-08T05:24:12-05:00 5.43 5.67 5.59
2026-10-08T05:26:12-05:00 5.43 5.48 5.52
2026-10-08T05:28:12-05:00 4.70 5.18 5.40
2026-10-08T05:30:12-05:00 4.37 4.93 5.28
2026-10-08T05:32:13-05:00 4.45 4.78 5.18
2026-10-08T05:34:13-05:00 4.67 4.73 5.11
2026-10-08T05:36:13-05:00 4.83 4.85 5.11
2026-10-08T05:38:13-05:00 4.03 4.53 4.96
2026-10-08T05:40:13-05:00 4.31 4.44 4.87
2026-10-08T05:42:13-05:00 4.04 4.29 4.76
2026-10-08T05:44:13-05:00 3.78 4.13 4.65
2026-10-08T05:46:13-05:00 4.06 4.13 4.58
2026-10-08T05:48:13-05:00 3.78 3.98 4.47
2026-10-08T05:50:13-05:00 3.40 3.80 4.34
2026-10-08T05:52:14-05:00 3.79 3.77 4.26
2026-10-08T05:54:14-05:00 3.51 3.70 4.17
2026-10-08T05:56:14-05:00 3.12 3.55 4.06
2026-10-08T05:58:14-05:00 3.18 3.46 3.96
2026-10-08T06:00:14-05:00 5.02 4.10 4.14
2026-10-08T06:02:14-05:00 5.52 4.67 4.35
2026-10-08T06:04:14-05:00 4.80 4.80 4.45
2026-10-08T06:06:14-05:00 4.19 4.55 4.40
2026-10-08T06:08:14-05:00 4.65 4.57 4.42
2026-10-08T06:10:14-05:00 5.66 5.01 4.60
2026-10-08T06:12:14-05:00 6.20 5.41 4.80
2026-10-08T06:14:15-05:00 5.06 5.27 4.82
2026-10-08T06:16:15-05:00 4.84 5.11 4.82
2026-10-08T06:18:15-05:00 5.68 5.34 4.94
2026-10-08T06:20:15-05:00 6.64 5.78 5.14
2026-10-08T06:22:15-05:00 6.00 5.82 5.24
2026-10-08T06:24:15-05:00 5.52 5.78 5.30
2026-10-08T06:26:15-05:00 5.20 5.49 5.25
2026-10-08T06:28:15-05:00 5.09 5.42 5.25
2026-10-08T06:30:15-05:00 4.49 5.09 5.15
2026-10-08T06:32:15-05:00 4.99 5.05 5.13
2026-10-08T06:34:16-05:00 4.94 5.05 5.12
2026-10-08T06:36:16-05:00 5.02 5.07 5.12
2026-10-08T06:38:16-05:00 4.58 4.90 5.05
2026-10-08T06:40:16-05:00 4.49 4.77 4.98
2026-10-08T06:42:16-05:00 4.98 4.93 5.02
2026-10-08T06:44:16-05:00 4.56 4.81 4.96
2026-10-08T06:46:16-05:00 4.71 4.86 4.97
2026-10-08T06:48:16-05:00 5.10 4.91 4.97
2026-10-08T06:50:16-05:00 4.52 4.72 4.89
2026-10-08T06:52:16-05:00 4.72 4.68 4.85
2026-10-08T06:54:17-05:00 4.75 4.63 4.81
2026-10-08T06:56:17-05:00 3.98 4.41 4.71
2026-10-08T06:58:17-05:00 4.29 4.30 4.62
2026-10-08T07:00:17-05:00 4.09 4.20 4.55
2026-10-08T07:02:17-05:00 4.02 4.14 4.48
2026-10-08T07:04:17-05:00 4.01 4.12 4.44
2026-10-08T07:06:17-05:00 3.77 4.01 4.35
2026-10-08T07:08:17-05:00 3.23 3.77 4.22
2026-10-08T07:10:17-05:00 3.69 3.76 4.16
2026-10-08T07:12:17-05:00 3.40 3.65 4.07
2026-10-08T07:14:18-05:00 3.32 3.49 3.96
2026-10-08T07:16:18-05:00 3.47 3.50 3.90
2026-10-08T07:18:18-05:00 4.75 3.87 3.99
2026-10-08T07:20:18-05:00 4.84 4.23 4.10
2026-10-08T07:22:18-05:00 5.25 4.55 4.23
2026-10-08T07:24:18-05:00 8.81 6.01 4.80
2026-10-08T07:26:18-05:00 6.24 5.97 4.93
2026-10-08T07:28:18-05:00 5.25 5.63 4.93
2026-10-08T07:30:18-05:00 6.31 5.84 5.09
2026-10-08T07:32:18-05:00 5.37 5.61 5.09
2026-10-08T07:34:18-05:00 5.66 5.64 5.17
2026-10-08T07:36:19-05:00 5.17 5.42 5.14
2026-10-08T07:38:19-05:00 4.63 5.14 5.07
2026-10-08T07:40:19-05:00 5.12 5.07 5.05
2026-10-08T07:42:19-05:00 6.00 5.51 5.22
2026-10-08T07:44:19-05:00 6.11 5.73 5.33
2026-10-08T07:46:19-05:00 5.51 5.64 5.35
2026-10-08T07:48:19-05:00 5.02 5.41 5.30
2026-10-08T07:50:19-05:00 5.01 5.20 5.23
2026-10-08T07:52:19-05:00 4.75 5.02 5.16
2026-10-08T07:54:19-05:00 4.82 4.92 5.10
2026-10-08T07:56:20-05:00 4.65 4.80 5.03
2026-10-08T07:58:20-05:00 4.76 4.75 4.98
2026-10-08T08:00:20-05:00 4.65 4.69 4.92
2026-10-08T08:02:20-05:00 4.69 4.64 4.87
2026-10-08T08:04:20-05:00 5.18 4.70 4.86
2026-10-08T08:06:20-05:00 5.48 5.03 4.97
2026-10-08T08:08:20-05:00 4.92 5.02 4.97
2026-10-08T08:10:20-05:00 4.54 4.83 4.91
2026-10-08T08:12:20-05:00 4.14 4.62 4.82
2026-10-08T08:14:20-05:00 4.48 4.58 4.79
2026-10-08T08:16:21-05:00 4.53 4.55 4.75
2026-10-08T08:18:21-05:00 3.87 4.26 4.62
2026-10-08T08:20:21-05:00 4.29 4.33 4.60
2026-10-08T08:22:21-05:00 4.07 4.22 4.53
2026-10-08T08:24:21-05:00 3.75 4.06 4.43
2026-10-08T08:26:21-05:00 3.43 3.89 4.32
2026-10-08T08:28:21-05:00 3.71 3.84 4.25
2026-10-08T08:30:21-05:00 4.19 3.95 4.23
2026-10-08T08:32:21-05:00 4.06 3.98 4.21
2026-10-08T08:34:21-05:00 3.23 3.71 4.08
2026-10-08T08:36:21-05:00 3.56 3.73 4.04
2026-10-08T08:38:22-05:00 3.44 3.58 3.95
2026-10-08T08:40:22-05:00 3.15 3.40 3.83
2026-10-08T08:42:22-05:00 4.89 3.97 3.99
2026-10-08T08:44:22-05:00 5.45 4.45 4.16
