08:46:28 5.70 4.87 4.35
08:46:58 5.59 4.93 4.39
08:47:28 5.87 5.06 4.45
08:47:58 5.31 5.02 4.46
08:48:28 4.63 4.89 4.43
08:48:58 4.16 4.75 4.40
08:49:28 3.77 4.60 4.36
08:49:58 3.53 4.46 4.32
08:50:28 3.61 4.40 4.31
08:50:58 3.69 4.34 4.29
08:51:28 3.87 4.33 4.29
08:51:58 3.96 4.31 4.28
08:52:28 4.04 4.28 4.27
08:52:58 4.49 4.37 4.30
08:53:28 5.64 4.67 4.40
08:53:58 5.56 4.73 4.43
08:54:29 5.52 4.81 4.47
08:54:59 5.32 4.83 4.48
08:55:29 5.10 4.83 4.50
08:55:59 5.41 4.93 4.54
08:56:29 5.44 4.99 4.58
08:56:59 5.43 5.02 4.60
08:57:29 6.05 5.21 4.68
08:57:59 5.58 5.18 4.68
08:58:29 5.42 5.18 4.70
